张三 130928198905281793 001 01 3010203 03010102200310 0102120001301200 5600
乐淳雅 130532197901235712 002 28 51423284306 0221032505 0120131202130200 8000
元圣杰 513221197102183838 003 05 423425433 042102032521231402 0123125601311200 8000
平明远 610523198305134774 004 15 20245 03251226352103 0212120002141320 6700
郑靖琪 230111197104266110 005 20 3125915 0512022635212302032506 1123130012031012 8652
齐怡悦 510422198603243893 006 02 445153524 0230020301 0721124508010101 9600
冯德海 130426198908106712 007 05 51524351867 010230 0912135209150312 6500
罗高卓 500101198401133397 008 06 21235 041524263512030312 0120130001230623 9612
顾晟睿 140825197508173636 009 11 112 031245024003120403 0210125302211023 6802
韦俊豪 350822197101183592 010 07 3351524 0223152130 0101020202020101 12345
喻开霁 451002198204238859 011 16 3153426 03121523012610 0203020503040506 9643
云懿轩 542527198208281552 012 09 51524353749 041225131503200603 0604070607080604 6598
秦明哲 440605197607137950 013 10 25764 0201150321 0101120001021200 900
章雅量 610111198603217730 014 13 448645967 0403120415301224130205231202072013 6542
水天磊 632223197605233250 015 25 3153429 012312 1025125610312301 6823
雷淳雅 150981198409254695016 27 54864582935 03120503120516 0912123510230315 9865
唐哲瀚 510704198104183738 017 27 415342665 0512031605241530141930 0312123204102300 12356
俞开霁 410181197101202157018 03 21524 0526150521031205241612 0102130201061235 5369
贺芳华 522425198109113949 019 12 51524356759 012302 0312103504120657 9862
乐晗蕾 511826197005258546 020 14 3152462 0223152631 0312164909120415 12516

