ÕÅÈý 130928198905281793 001 01 01021200 3010203 03010102200310 0102120001301200 5600
ÀÖ´¾ÑÅ 130532197901235712 002 28 01201312 51423284306 0221032505 0120131202130200 8000
ÔªÊ¥½Ü 513221197102183838 003 05 01231256 423425433 042102032521231402 0123125601311200 8000
Æ½Ã÷Ô¶ 610523198305134774 004 15 02121200 20245 03251226352103 0212120002141320 6700
Ö£¾¸ç÷ 230111197104266110 005 20 11231300 3125915 0512022635212302032506 1123130012031012 8652
ÆëâùÔÃ 510422198603243893 006 02 07211245 445153524 0230020301 0721124508010101 9600
·ëµÂº£ 130426198908106712 007 05 09121352 51524351867 010230 0912135209150312 6500
ÂÞ¸ß×¿ 500101198401133397 008 06 01201300 21235 041524263512030312 0120130001230623 9612
¹ËêÉî£ 140825197508173636 009 11 02101253 112 031245024003120403 0210125302211023 6802
Î¤¿¡ºÀ 350822197101183592 010 07 01010202 3351524 0223152130 0101020202020101 12345
Ó÷¿ªö« 451002198204238859 011 16 02030205 3153426 03121523012610 0203020503040506 9643
ÔÆÜ²Ðù 542527198208281552 012 09 06040706 51524353749 041225131503200603 0604070607080604 6598
ÇØÃ÷ÕÜ 440605197607137950 013 10 01011201 25764 0201150321 0101120101021200 900
ÕÂÑÅÁ¿ 610111198603217730 014 13 02052312 448645967 040312041530122413 0205231202072013 6542
Ë®ÌìÀÚ 632223197605233250 015 25 10251256 3153429 012312 1025125610312301 6823
À×´¾ÑÅ 150981198409254695 016 27 09121235 54864582935 03120503120516 0412123510230315 9865
ÌÆÕÜå« 510704198104183738 017 27 03121232 415342665 0512031605241530141930 0312123204102300 12356
Óá¿ªö« 410181197101202157 018 03 01021302 21524 0526150521031205241612 0102130201061235 5369
ºØ·¼»ª 522425198109113949 019 12 03121035 51524356759 012302 0312103504120657 9862
ÀÖêÏÀÙ 511826197005258546 020 14 03121619 3152462 0223152631 0312161909120415 12516

