ÕÅÈý 130928198905281793 001 01 01021200 3010203 03010102200310 0102120001301200 5600
ÀÖ´¾ÑÅ 130532197901235712 002 28 01201312 51423282406 0221032505 0120131202130200 8000
ÔªÊ¥½Ü 513221197102183838 003 05 01231256 423122430 042102032521231402 0123125601311200 8000
Æ½Ã÷Ô¶ 610523198305134774 004 15 02121200 20225 03251226352103 0212120002141320 6700
Ö£¾¸ç÷ 230111197104266110 005 20 11231300 3122915 0512022635212302032506 0323130004031012 8600
ÆëâùÔÃ 510422198603243893 006 02 07211245 423152524 0230020301 0721124508010101 9600
·ëµÂº£ 130426198908106712 007 05 09121352 51524251827 010230 0912135209150312 6500
ÂÞ¸ß×¿ 500101198401133397 008 06 01201300 21235 041524263512030312 0120130001230623 9600
¹ËêÉî£ 140825197508173636 009 11 02101253 112 031245024003120403 0210125302211023 6800
Î¤¿¡ºÀ 350822197101183592 010 07 01010202 3301524 0223152130 0101020202020101 12300
Ó÷¿ªö« 451002198204238859 011 16 02030205 3152426 03121523012610 0203020503040506 9600
ÔÆÜ²Ðù 542527198208281552 012 09 06040706 51524152719 041225131503200603 0604070607080604 6500
ÇØÃ÷ÕÜ 440605197607137950 013 10 01011201 22714 0201150321 0101120101021200 9000
ÕÂÑÅÁ¿ 610111198603217730 014 13 02051012 408041927 040312041530122413 0205231202072013 6500
Ë®ÌìÀÚ 632223197605233250 015 25 10251256 3152429 012312 0925125609302301 6800
À×´¾ÑÅ 150981198409254695 016 27 09121235 52824082915 03120503120516 0412123504230315 9800
ÌÆÕÜå« 510704198104183738 017 27 03121232 415042625 0512031605241530141930 0312123204102300 12300
Óá¿ªö« 410181197101202157 018 03 01021302 21524 0526150521031205241612 0102130201061235 5300
ºØ·¼»ª 522425198109113949 019 12 03121035 51524052709 012302 0312103504120657 9800
ÀÖêÏÀÙ 511826197005258546 020 14 03121619 3152422 0223152631 0312161909120415 12500
ÆëâùÔÃ 510422198603243893 021 05 07211245 415053024 0230020301 0912120010031256 12300
·ëµÂº£ 130426198908106712 022 06 09121352 51524051807 010230 0920132610021203 6500
ÂÞ¸ß×¿ 500101198401133397 023 07 01201300 21225 041524263512030312 0212135603102123 5600
¹ËêÉî£ 140825197508173636 024 10 02101253 112 031245024003120403 0223051602280523 8900
Î¤¿¡ºÀ 350822197101183592 025 05 01010202 3301524 0223152130 0225123503012123 9800
Ó÷¿ªö« 451002198204238859 026 18 02030205 3150426 03121523012610 0405212304251232 6800
ÔÆÜ²Ðù 542527198208281552 027 07 06040706 51524251709 041225131503200603 0912112309230213 15900
ÇØÃ÷ÕÜ 440605197607137950 028 11 01011201 20724 0201150321 1001231210250213 5500
ÕÂÑÅÁ¿ 610111198603217730 029 12 02052312 428041907 040312041530122413 0927231510261232 5600
Óá¿ªö« 410181197101202157 030 04 01021302 21524 0526150521031205241612 0923030210201245 8900

